 62
 5.00            70
 5.29            79
 5.58            90
 5.87            87
 6.16            80
 6.46           101
 6.75            88
 7.04           108
 7.33            92
 7.63           102
 7.92           100
 8.21           112
 8.50           111
 8.80           115
 9.09           107
 9.38           122
 9.67           123
 9.97           166
10.26           214
10.55           227
10.84           269
11.14           288
11.43           373
11.72           357
12.01           351
12.30           332
12.60           373
12.89           336
13.18           323
13.47           319
13.77           342
14.06           326
14.35           550
14.64           985
14.94          1118
15.23          1158
15.52          1099
15.81           979
16.11          1036
16.40           962
16.69           976
16.98           892
17.28           909
17.57           864
17.86           822
18.15           958
18.45          1578
18.74          1696
19.03          1138
19.32           770
19.61           687
19.91           673
20.20           711
20.49           892
20.78          2427
21.08          3027
21.37          1110
21.66           536
21.95           501
22.25           443
22.54           443
22.83           424
