 68
 5.00            93
 5.29            74
 5.58            94
 5.87            82
 6.16            90
 6.46            87
 6.75           112
 7.04            90
 7.33           109
 7.63            96
 7.92            97
 8.21           106
 8.50           115
 8.80           116
 9.09           134
 9.38           222
 9.67           282
 9.97           407
10.26           519
10.55           553
10.84           699
11.14           762
11.43           778
11.72           792
12.01           839
12.30           841
12.60           834
12.89           863
13.18           778
13.47           829
13.77           703
14.06           676
14.35           714
14.64           629
14.94           584
15.23           498
15.52           530
15.81           457
16.11           439
16.40           391
16.69           371
16.98           327
17.28           333
17.57           404
17.86           561
18.15           485
18.45           293
18.74           242
19.03           241
19.32           245
19.61           227
19.91           373
20.20           622
20.49           449
20.78           225
21.08           208
21.37           201
21.66           184
21.95           208
22.25           219
22.54           213
22.83           219
23.12           232
23.42           211
23.71           242
24.00           236
24.29           190
24.59           191
