 62
 5.00           148
 5.29           172
 5.58           141
 5.87           163
 6.16           154
 6.46           179
 6.75           147
 7.04           159
 7.33           166
 7.63           163
 7.92           206
 8.21           167
 8.50           183
 8.80           199
 9.09           207
 9.38           220
 9.67           240
 9.97           278
10.26           323
10.55           462
10.84           559
11.14           660
11.43           669
11.72           798
12.01           850
12.30           895
12.60           897
12.89           940
13.18           892
13.47           942
13.77           938
14.06           935
14.35           928
14.64           855
14.94           806
15.23           835
15.52           753
15.81           710
16.11           665
16.40           664
16.69           612
16.98           642
17.28           583
17.57           536
17.86           506
18.15           600
18.45           882
18.74           942
19.03           609
19.32           480
19.61           400
19.91           383
20.20           417
20.49           485
20.78           980
21.08          1176
21.37           500
21.66           327
21.95           339
22.25           308
22.54           346
22.83           313
