 62
 5.00            81
 5.29            90
 5.58            81
 5.87            71
 6.16            90
 6.46            87
 6.75           109
 7.04            87
 7.33           106
 7.63            97
 7.92            98
 8.21           101
 8.50           102
 8.80           120
 9.09           119
 9.38           129
 9.67            91
 9.97           119
10.26           109
10.55           138
10.84           143
11.14           229
11.43           275
11.72           351
12.01           390
12.30           450
12.60           479
12.89           554
13.18           518
13.47           576
13.77           544
14.06           598
14.35           589
14.64           573
14.94           575
15.23           562
15.52           518
15.81           479
16.11           486
16.40           447
16.69           439
16.98           416
17.28           431
17.57           413
17.86           386
18.15           372
18.45           583
18.74           557
19.03           398
19.32           304
19.61           292
19.91           261
20.20           279
20.49           276
20.78           588
21.08           708
21.37           313
21.66           203
21.95           204
22.25           226
22.54           189
22.83           177
