 62
 5.00           148
 5.29           174
 5.58           200
 5.87           207
 6.16           180
 6.46           184
 6.75           198
 7.04           227
 7.33           218
 7.63           213
 7.92           210
 8.21           192
 8.50           219
 8.80           201
 9.09           246
 9.38           238
 9.67           277
 9.97           333
10.26           451
10.55           585
10.84           654
11.14           708
11.43           891
11.72          1023
12.01          1067
12.30          1095
12.60          1163
12.89          1208
13.18          1188
13.47          1206
13.77          1136
14.06          1177
14.35          1207
14.64          1176
14.94          1208
15.23          1089
15.52          1027
15.81          1034
16.11          1011
16.40           995
16.69           961
16.98           925
17.28           849
17.57           850
17.86           838
18.15           971
18.45          1419
18.74          1445
19.03          1003
19.32           755
19.61           716
19.91           660
20.20           713
20.49           857
20.78          2025
21.08          2422
21.37           965
21.66           577
21.95           528
22.25           492
22.54           496
22.83           471
