 68
 5.00            75
 5.29            60
 5.58            60
 5.87            58
 6.16            57
 6.46            65
 6.75            71
 7.04            51
 7.33            72
 7.63            80
 7.92            82
 8.21            73
 8.50            77
 8.80            92
 9.09           113
 9.38           147
 9.67           185
 9.97           201
10.26           267
10.55           441
10.84           596
11.14           673
11.43           663
11.72           760
12.01           761
12.30           742
12.60           775
12.89           773
13.18           746
13.47           674
13.77           631
14.06           617
14.35           567
14.64           535
14.94           455
15.23           468
15.52           413
15.81           358
16.11           367
16.40           323
16.69           296
16.98           289
17.28           235
17.57           327
17.86           428
18.15           342
18.45           223
18.74           192
19.03           171
19.32           182
19.61           187
19.91           247
20.20           456
20.49           309
20.78           177
21.08           136
21.37           156
21.66           145
21.95           150
22.25           139
22.54           157
22.83           148
23.12           149
23.42           151
23.71           161
24.00           164
24.29           154
24.59           152
