 62
 5.00            72
 5.29            69
 5.58            72
 5.87            71
 6.16            59
 6.46            72
 6.75            66
 7.04            60
 7.33            63
 7.63            85
 7.92            81
 8.21            68
 8.50            86
 8.80           101
 9.09           113
 9.38            93
 9.67           115
 9.97           135
10.26           146
10.55           136
10.84           175
11.14           177
11.43           210
11.72           206
12.01           196
12.30           214
12.60           179
12.89           238
13.18           487
13.47           738
13.77           918
14.06           878
14.35           925
14.64           893
14.94           899
15.23           882
15.52           789
15.81           759
16.11           695
16.40           651
16.69           608
16.98           588
17.28           607
17.57           600
17.86           561
18.15           665
18.45           989
18.74          1025
19.03           690
19.32           442
19.61           405
19.91           392
20.20           398
20.49           489
20.78          1233
21.08          1573
21.37           551
21.66           273
21.95           256
22.25           275
22.54           274
22.83           246
