 62
 5.00            31
 5.29            44
 5.58            44
 5.87            45
 6.16            48
 6.46            57
 6.75            49
 7.04            36
 7.33            36
 7.63            43
 7.92            48
 8.21            53
 8.50            74
 8.80            52
 9.09            61
 9.38            86
 9.67            78
 9.97            76
10.26            76
10.55           103
10.84           104
11.14           105
11.43           119
11.72           108
12.01           107
12.30           114
12.60           120
12.89           126
13.18           335
13.47           584
13.77           680
14.06           696
14.35           679
14.64           640
14.94           603
15.23           569
15.52           530
15.81           487
16.11           432
16.40           433
16.69           388
16.98           366
17.28           329
17.57           317
17.86           320
18.15           333
18.45           590
18.74           560
19.03           360
19.32           255
19.61           257
19.91           201
20.20           243
20.49           247
20.78           581
21.08           675
21.37           287
21.66           198
21.95           179
22.25           152
22.54           179
22.83           149
