 62
 5.00            48
 5.29            44
 5.58            52
 5.87            51
 6.16            42
 6.46            55
 6.75            44
 7.04            52
 7.33            43
 7.63            59
 7.92            50
 8.21            59
 8.50            56
 8.80            54
 9.09            58
 9.38            73
 9.67            58
 9.97            93
10.26           102
10.55           110
10.84           124
11.14           125
11.43           161
11.72           155
12.01           150
12.30           161
12.60           125
12.89           129
13.18           133
13.47           118
13.77            90
14.06            97
14.35            82
14.64            72
14.94            73
15.23            97
15.52            86
15.81            71
16.11            70
16.40            89
16.69           107
16.98            95
17.28            95
17.57            92
17.86           148
18.15           293
18.45           936
18.74          1156
19.03           740
19.32           427
19.61           385
19.91           387
20.20           358
20.49           589
20.78          1463
21.08          1712
21.37           624
21.66           288
21.95           254
22.25           235
22.54           210
22.83           175
