 68
 5.00             8
 5.29            61
 5.58            45
 5.87            61
 6.16            73
 6.46            63
 6.75            70
 7.04            60
 7.33            64
 7.63            90
 7.92            62
 8.21            63
 8.50            60
 8.80            80
 9.09            99
 9.38           140
 9.67           183
 9.97           247
10.26           261
10.55           279
10.84           281
11.14           294
11.43           280
11.72           265
12.01           260
12.30           223
12.60           205
12.89           194
13.18           174
13.47           169
13.77           176
14.06           168
14.35           132
14.64           104
14.94           124
15.23           117
15.52           106
15.81           113
16.11           112
16.40            91
16.69            83
16.98           110
17.28           105
17.57           116
17.86           102
18.15           134
18.45           300
18.74           541
19.03           630
19.32           688
19.61           679
19.91          1690
20.20          3406
20.49          2224
20.78           664
21.08           422
21.37           394
21.66           355
21.95           352
22.25           290
22.54           252
22.83           275
23.12           263
23.42           218
23.71           211
24.00           186
24.29           158
24.59           165
