 68
 5.00           171
 5.29           164
 5.58           176
 5.87           194
 6.16           197
 6.46           239
 6.75           193
 7.04           217
 7.33           242
 7.63           235
 7.92           237
 8.21           241
 8.50           282
 8.80           268
 9.09           335
 9.38           432
 9.67           540
 9.97           684
10.26           846
10.55          1035
10.84          1151
11.14          1210
11.43          1349
11.72          1341
12.01          1459
12.30          1521
12.60          1468
12.89          1492
13.18          1467
13.47          1461
13.77          1383
14.06          1346
14.35          1352
14.64          1276
14.94          1136
15.23          1170
15.52          1106
15.81          1079
16.11          1046
16.40          1069
16.69          1011
16.98           969
17.28           990
17.57          1272
17.86          1756
18.15          1765
18.45          1074
18.74           828
19.03           785
19.32           788
19.61           804
19.91          1250
20.20          3053
20.49          2569
20.78           872
21.08           671
21.37           692
21.66           616
21.95           551
22.25           578
22.54           593
22.83           544
23.12           550
23.42           541
23.71           503
24.00           531
24.29           486
24.59           509
