 62
 5.00           197
 5.29           201
 5.58           181
 5.87           240
 6.16           200
 6.46           265
 6.75           258
 7.04           271
 7.33           248
 7.63           252
 7.92           283
 8.21           282
 8.50           305
 8.80           302
 9.09           308
 9.38           320
 9.67           371
 9.97           430
10.26           539
10.55           651
10.84           822
11.14           977
11.43          1115
11.72          1269
12.01          1483
12.30          1494
12.60          1589
12.89          1708
13.18          1713
13.47          1757
13.77          1771
14.06          1829
14.35          1930
14.64          1955
14.94          1890
15.23          1977
15.52          1894
15.81          1879
16.11          1901
16.40          1850
16.69          1772
16.98          1803
17.28          1727
17.57          1859
17.86          1918
18.15          2266
18.45          3554
18.74          3776
19.03          2686
19.32          1885
19.61          1853
19.91          1814
20.20          1894
20.49          2540
20.78          6640
21.08          8056
21.37          3294
21.66          1693
21.95          1573
22.25          1643
22.54          1441
22.83          1432
