 68
 5.00            97
 5.29           106
 5.58           118
 5.87           111
 6.16           120
 6.46            97
 6.75           102
 7.04           121
 7.33           117
 7.63           109
 7.92           150
 8.21           131
 8.50           133
 8.80           163
 9.09           201
 9.38           285
 9.67           351
 9.97           457
10.26           595
10.55           661
10.84           762
11.14           830
11.43           891
11.72           855
12.01           829
12.30           855
12.60           825
12.89           844
13.18           855
13.47           782
13.77           791
14.06           750
14.35           743
14.64           639
14.94           580
15.23           571
15.52           551
15.81           450
16.11           477
16.40           410
16.69           410
16.98           378
17.28           406
17.57           452
17.86           627
18.15           509
18.45           375
18.74           293
19.03           285
19.32           270
19.61           256
19.91           388
20.20           779
20.49           564
20.78           277
21.08           239
21.37           242
21.66           246
21.95           219
22.25           214
22.54           221
22.83           236
23.12           230
23.42           241
23.71           235
24.00           228
24.29           253
24.59           226
