 68
 5.00             4
 5.29            52
 5.58           204
 5.87           236
 6.16           214
 6.46           257
 6.75           233
 7.04           232
 7.33           260
 7.63           291
 7.92           251
 8.21           259
 8.50           331
 8.80           326
 9.09           419
 9.38           598
 9.67           725
 9.97           915
10.26          1105
10.55          1323
10.84          1528
11.14          1753
11.43          1856
11.72          1985
12.01          2140
12.30          2218
12.60          2312
12.89          2457
13.18          2510
13.47          2515
13.77          2488
14.06          2572
14.35          2650
14.64          2604
14.94          2495
15.23          2564
15.52          2548
15.81          2516
16.11          2415
16.40          2449
16.69          2349
16.98          2384
17.28          2438
17.57          3266
17.86          5055
18.15          4521
18.45          2829
18.74          2307
19.03          2301
19.32          2203
19.61          2325
19.91          5137
20.20         10612
20.49          7540
20.78          2827
21.08          2025
21.37          1895
21.66          1815
21.95          1647
22.25          1600
22.54          1508
22.83          1487
23.12          1430
23.42          1387
23.71          1325
24.00          1366
24.29          1286
24.59          1264
