 68
 5.00             4
 5.29             3
 5.58             2
 5.87           158
 6.16           190
 6.46           225
 6.75           209
 7.04           201
 7.33           221
 7.63           215
 7.92           205
 8.21           213
 8.50           242
 8.80           260
 9.09           343
 9.38           389
 9.67           516
 9.97           613
10.26           762
10.55           802
10.84          1018
11.14          1020
11.43          1056
11.72          1194
12.01          1245
12.30          1262
12.60          1329
12.89          1320
13.18          1317
13.47          1284
13.77          1285
14.06          1238
14.35          1177
14.64          1127
14.94          1023
15.23           993
15.52           973
15.81           986
16.11           896
16.40           881
16.69           775
16.98           756
17.28           801
17.57           876
17.86          1274
18.15          1129
18.45           743
18.74           592
19.03           580
19.32           571
19.61           565
19.91           865
20.20          1607
20.49          1138
20.78           592
21.08           488
21.37           522
21.66           532
21.95           746
22.25           963
22.54          1023
22.83          1034
23.12           929
23.42           958
23.71           897
24.00           818
24.29           833
24.59           786
