 68
 5.00           225
 5.29           230
 5.58           253
 5.87           260
 6.16           263
 6.46           227
 6.75           275
 7.04           262
 7.33           262
 7.63           298
 7.92           253
 8.21           275
 8.50           294
 8.80           302
 9.09           403
 9.38           482
 9.67           646
 9.97           799
10.26           952
10.55          1150
10.84          1332
11.14          1520
11.43          1591
11.72          1733
12.01          1790
12.30          1881
12.60          1890
12.89          1943
13.18          1978
13.47          2002
13.77          1989
14.06          1994
14.35          2017
14.64          1868
14.94          1789
15.23          1787
15.52          1724
15.81          1657
16.11          1681
16.40          1535
16.69          1487
16.98          1457
17.28          1463
17.57          1953
17.86          2813
18.15          2344
18.45          1476
18.74          1262
19.03          1136
19.32          1148
19.61          1153
19.91          2379
20.20          4614
20.49          3188
20.78          1141
21.08           905
21.37           843
21.66           867
21.95           785
22.25           747
22.54           677
22.83           719
23.12           705
23.42           632
23.71           626
24.00           596
24.29           580
24.59           625
