 68
 5.00           102
 5.29           100
 5.58           109
 5.87           139
 6.16           207
 6.46           367
 6.75           589
 7.04           838
 7.33          1134
 7.63          1346
 7.92          1408
 8.21          1382
 8.50          1455
 8.80          1392
 9.09          1383
 9.38          1306
 9.67          1150
 9.97          1085
10.26          1019
10.55           975
10.84           803
11.14           676
11.43           601
11.72           520
12.01           516
12.30           455
12.60           564
12.89           617
13.18           406
13.47           413
13.77           918
14.06          2918
14.35          6931
14.64          4138
14.94          1595
15.23          1174
15.52          1101
15.81           973
16.11           939
16.40           879
16.69           818
16.98           749
17.28           689
17.57           657
17.86           625
18.15           548
18.45           523
18.74           512
19.03           494
19.32           420
19.61           450
19.91           417
20.20           405
20.49           413
20.78           420
21.08           376
21.37           358
21.66           370
21.95           342
22.25           344
22.54           325
22.83           320
23.12           333
23.42           274
23.71           285
24.00           268
24.29           274
24.59           259
