 68
 5.00            49
 5.29            55
 5.58            57
 5.87            45
 6.16            60
 6.46            62
 6.75            96
 7.04           217
 7.33           403
 7.63           630
 7.92           772
 8.21           858
 8.50           907
 8.80           940
 9.09           920
 9.38           817
 9.67           702
 9.97           618
10.26           627
10.55           491
10.84           430
11.14           324
11.43           286
11.72           247
12.01           201
12.30           156
12.60           148
12.89           134
13.18           145
13.47           173
13.77           128
14.06           126
14.35           132
14.64           153
14.94           198
15.23           203
15.52           208
15.81           192
16.11           213
16.40           237
16.69           225
16.98           196
17.28           228
17.57           225
17.86           183
18.15           220
18.45           206
18.74           202
19.03           202
19.32           168
19.61           185
19.91           181
20.20           157
20.49           141
20.78           155
21.08           157
21.37           133
21.66           118
21.95           109
22.25           157
22.54           127
22.83           129
23.12           129
23.42           128
23.71           116
24.00           118
24.29           119
24.59           120
