 68
 5.00            69
 5.29            70
 5.58            58
 5.87            68
 6.16            99
 6.46           179
 6.75           330
 7.04           432
 7.33           544
 7.63           594
 7.92           600
 8.21           618
 8.50           525
 8.80           515
 9.09           451
 9.38           359
 9.67           358
 9.97           276
10.26           233
10.55           219
10.84           193
11.14           160
11.43           142
11.72           147
12.01           100
12.30           113
12.60           130
12.89           164
13.18           501
13.47           940
13.77          1121
14.06          1731
14.35          4173
14.64          2333
14.94           788
15.23           622
15.52           460
15.81           434
16.11           388
16.40           397
16.69           289
16.98           339
17.28           301
17.57           248
17.86           246
18.15           212
18.45           186
18.74           210
19.03           169
19.32           173
19.61           141
19.91           159
20.20           175
20.49           141
20.78           142
21.08           146
21.37           144
21.66           145
21.95           133
22.25           139
22.54           144
22.83           152
23.12           119
23.42           131
23.71           139
24.00           124
24.29           118
24.59           142
