 68
 5.00            74
 5.29            83
 5.58            79
 5.87            77
 6.16            83
 6.46           107
 6.75           159
 7.04           357
 7.33           525
 7.63           752
 7.92          1293
 8.21          1919
 8.50          2318
 8.80          2449
 9.09          2389
 9.38          2217
 9.67          2156
 9.97          2010
10.26          1840
10.55          1673
10.84          1500
11.14          1368
11.43          1181
11.72          1023
12.01           882
12.30           706
12.60           623
12.89           631
13.18           678
13.47           872
13.77           558
14.06           381
14.35           366
14.64           437
14.94           854
15.23           670
15.52           373
15.81           436
16.11           509
16.40           537
16.69           561
16.98           545
17.28           548
17.57           554
17.86           560
18.15           530
18.45           549
18.74           536
19.03           517
19.32           459
19.61           466
19.91           467
20.20           443
20.49           417
20.78           396
21.08           388
21.37           394
21.66           372
21.95           364
22.25           345
22.54           335
22.83           316
23.12           291
23.42           302
23.71           301
24.00           335
24.29           333
24.59           301
