# X_shifted    Y
4.755805e+00 1.840000e+02
4.925805e+00 1.670000e+02
5.105805e+00 1.780000e+02
5.275805e+00 1.950000e+02
5.455805e+00 1.900000e+02
5.625805e+00 1.740000e+02
5.805805e+00 1.770000e+02
5.975805e+00 2.330000e+02
6.155805e+00 1.880000e+02
6.325805e+00 2.290000e+02
6.505805e+00 2.070000e+02
6.675805e+00 2.390000e+02
6.855805e+00 2.520000e+02
7.035805e+00 2.240000e+02
7.205805e+00 2.710000e+02
7.385805e+00 2.750000e+02
7.555805e+00 2.700000e+02
7.735805e+00 2.690000e+02
7.905805e+00 2.700000e+02
8.085805e+00 2.980000e+02
8.255805e+00 2.790000e+02
8.435805e+00 2.720000e+02
8.605805e+00 2.900000e+02
8.785805e+00 3.290000e+02
8.965805e+00 3.310000e+02
9.135805e+00 3.440000e+02
9.315805e+00 3.750000e+02
9.485805e+00 4.340000e+02
9.665805e+00 4.290000e+02
9.835805e+00 5.250000e+02
1.001581e+01 5.130000e+02
1.018581e+01 6.260000e+02
1.036580e+01 6.780000e+02
1.053580e+01 7.280000e+02
1.071580e+01 7.880000e+02
1.089580e+01 8.260000e+02
1.106580e+01 9.030000e+02
1.124581e+01 9.290000e+02
1.141581e+01 1.060000e+03
1.159581e+01 1.071000e+03
1.176581e+01 1.201000e+03
1.194581e+01 1.286000e+03
1.211580e+01 1.350000e+03
1.229580e+01 1.291000e+03
1.246580e+01 1.368000e+03
1.264580e+01 1.360000e+03
1.282581e+01 1.402000e+03
1.299581e+01 1.508000e+03
1.317581e+01 1.444000e+03
1.334581e+01 1.512000e+03
1.352581e+01 1.498000e+03
1.369581e+01 1.640000e+03
1.387580e+01 1.545000e+03
1.404580e+01 1.654000e+03
1.422580e+01 1.623000e+03
1.439580e+01 1.768000e+03
1.457581e+01 1.754000e+03
1.474581e+01 1.780000e+03
1.492581e+01 1.800000e+03
1.510581e+01 1.738000e+03
1.527581e+01 1.802000e+03
1.545580e+01 1.807000e+03
1.562580e+01 1.942000e+03
1.580580e+01 1.712000e+03
1.597580e+01 1.776000e+03
1.615581e+01 1.702000e+03
1.632580e+01 1.752000e+03
1.650580e+01 1.629000e+03
1.667581e+01 1.742000e+03
1.685581e+01 1.722000e+03
1.703580e+01 1.708000e+03
1.720581e+01 1.770000e+03
1.738581e+01 1.784000e+03
1.755580e+01 2.095000e+03
1.773580e+01 2.896000e+03
1.790581e+01 4.746000e+03
1.808581e+01 5.510000e+03
1.825580e+01 4.665000e+03
1.843580e+01 2.559000e+03
1.860581e+01 2.003000e+03
1.878580e+01 1.921000e+03
1.896580e+01 1.933000e+03
1.913581e+01 2.042000e+03
1.931581e+01 2.022000e+03
1.948580e+01 1.942000e+03
1.966580e+01 2.180000e+03
1.983581e+01 2.511000e+03
2.001581e+01 6.587000e+03
2.018580e+01 1.196900e+04
2.036581e+01 1.334200e+04
2.053580e+01 1.297300e+04
2.071580e+01 8.260000e+03
2.089580e+01 2.401000e+03
2.106581e+01 1.692000e+03
2.124581e+01 1.555000e+03
2.141580e+01 1.520000e+03
2.159580e+01 1.443000e+03
2.176581e+01 1.491000e+03
2.194581e+01 1.514000e+03
2.211581e+01 1.497000e+03
2.229581e+01 1.379000e+03
2.246580e+01 1.362000e+03
2.264580e+01 1.315000e+03
2.282580e+01 1.319000e+03
2.299581e+01 1.385000e+03
2.317581e+01 1.240000e+03
2.334580e+01 1.230000e+03
2.352580e+01 1.219000e+03
2.369581e+01 1.144000e+03
2.387580e+01 1.134000e+03
2.404581e+01 1.161000e+03
2.422581e+01 1.055000e+03
2.439580e+01 1.136000e+03
2.457580e+01 1.031000e+03
2.474581e+01 1.081000e+03
2.492581e+01 1.056000e+03
2.510581e+01 1.027000e+03
2.527580e+01 1.037000e+03
2.545581e+01 9.960000e+02
2.562580e+01 9.880000e+02
2.580580e+01 8.960000e+02
2.597581e+01 9.170000e+02
2.615581e+01 8.760000e+02
2.632580e+01 8.390000e+02
2.650580e+01 7.850000e+02
2.667581e+01 7.920000e+02
2.685581e+01 8.010000e+02
2.703580e+01 7.110000e+02
2.720581e+01 6.950000e+02
2.738581e+01 7.570000e+02
2.755580e+01 7.420000e+02
2.773580e+01 6.950000e+02
2.790581e+01 6.990000e+02
2.808581e+01 6.540000e+02
2.825580e+01 6.950000e+02
2.843580e+01 7.020000e+02
2.860581e+01 6.640000e+02
2.878580e+01 6.430000e+02
2.896580e+01 6.320000e+02
2.913581e+01 6.340000e+02
2.931581e+01 5.480000e+02
2.948580e+01 5.890000e+02
2.966580e+01 6.320000e+02
