 68
 5.00            13
 5.29             5
 5.58             3
 5.87             8
 6.16             7
 6.46             5
 6.75            13
 7.04            31
 7.33            52
 7.63            59
 7.92            49
 8.21            57
 8.50            53
 8.80            44
 9.09            39
 9.38            25
 9.67            26
 9.97            10
10.26            14
10.55             5
10.84            10
11.14            14
11.43             9
11.72             9
12.01             2
12.30             9
12.60             8
12.89             5
13.18             9
13.47             6
13.77            10
14.06            10
14.35            11
14.64            17
14.94            13
15.23            19
15.52            16
15.81            13
16.11            16
16.40            19
16.69            19
16.98            19
17.28            14
17.57            11
17.86            13
18.15             7
18.45             9
18.74             9
19.03            14
19.32             9
19.61             6
19.91             8
20.20            11
20.49             9
20.78             6
21.08             6
21.37             6
21.66             3
21.95            16
22.25             7
22.54             5
22.83             4
23.12             7
23.42             7
23.71             7
24.00             4
24.29            12
24.59             9
