 68
 5.00            99
 5.29           101
 5.58           123
 5.87           113
 6.16           143
 6.46           119
 6.75           232
 7.04           455
 7.33           891
 7.63          1409
 7.92          1856
 8.21          2111
 8.50          2466
 8.80          2662
 9.09          2620
 9.38          2515
 9.67          2420
 9.97          2407
10.26          2281
10.55          2098
10.84          1867
11.14          1793
11.43          1620
11.72          1419
12.01          1202
12.30          1078
12.60           929
12.89           883
13.18          1010
13.47          1431
13.77           853
14.06           624
14.35           643
14.64           736
14.94          1618
15.23          1278
15.52           696
15.81           642
16.11           643
16.40           662
16.69           722
16.98           760
17.28           713
17.57           753
17.86           728
18.15           740
18.45           710
18.74           686
19.03           658
19.32           686
19.61           663
19.91           625
20.20           649
20.49           626
20.78           626
21.08           612
21.37           591
21.66           526
21.95           533
22.25           521
22.54           490
22.83           458
23.12           436
23.42           455
23.71           452
24.00           483
24.29           464
24.59           376
