 68
 5.00            45
 5.29            47
 5.58            49
 5.87            58
 6.16            91
 6.46           159
 6.75           297
 7.04           412
 7.33           510
 7.63           573
 7.92           537
 8.21           561
 8.50           518
 8.80           527
 9.09           437
 9.38           425
 9.67           767
 9.97          1666
10.26          2028
10.55          1963
10.84          1933
11.14          1808
11.43          1675
11.72          1509
12.01          1436
12.30          1346
12.60          1996
12.89          2400
13.18          1291
13.47           943
13.77          1007
14.06          1523
14.35          3786
14.64          2134
14.94           721
15.23           550
15.52           439
15.81           371
16.11           372
16.40           314
16.69           295
16.98           282
17.28           260
17.57           217
17.86           187
18.15           197
18.45           192
18.74           190
19.03           173
19.32           168
19.61           283
19.91           436
20.20           533
20.49           495
20.78           499
21.08           509
21.37           486
21.66           478
21.95           460
22.25           444
22.54           417
22.83           435
23.12           421
23.42           469
23.71           448
24.00           415
24.29           430
24.59           406
