 68
 5.00           117
 5.29           125
 5.58           145
 5.87           155
 6.16           209
 6.46           383
 6.75           578
 7.04           849
 7.33          1129
 7.63          1270
 7.92          1450
 8.21          1456
 8.50          1613
 8.80          1617
 9.09          1603
 9.38          1523
 9.67          1516
 9.97          1435
10.26          1334
10.55          1268
10.84          1075
11.14           979
11.43           918
11.72           814
12.01           707
12.30           659
12.60           939
12.89          1092
13.18           627
13.47           525
13.77           545
14.06           697
14.35          1379
14.64           807
14.94           485
15.23           504
15.52           666
15.81           955
16.11           985
16.40           980
16.69           853
16.98           875
17.28           830
17.57           764
17.86           724
18.15           729
18.45           662
18.74           583
19.03           619
19.32           577
19.61           511
19.91           525
20.20           510
20.49           519
20.78           502
21.08           515
21.37           480
21.66           465
21.95           447
22.25           472
22.54           436
22.83           451
23.12           452
23.42           417
23.71           392
24.00           418
24.29           408
24.59           394
