 68
 5.00            23
 5.29            18
 5.58            12
 5.87            25
 6.16            30
 6.46            55
 6.75            70
 7.04            94
 7.33            96
 7.63           106
 7.92            79
 8.21           107
 8.50           121
 8.80           366
 9.09          1020
 9.38          1357
 9.67          1311
 9.97          1186
10.26          1154
10.55           956
10.84           843
11.14           819
11.43           705
11.72           645
12.01           537
12.30           530
12.60           664
12.89           757
13.18           348
13.47           226
13.77           231
14.06           337
14.35           827
14.64           438
14.94           121
15.23           140
15.52            78
15.81            71
16.11            95
16.40           105
16.69            80
16.98            92
17.28           114
17.57           127
17.86           210
18.15           304
18.45           370
18.74           339
19.03           374
19.32           361
19.61           338
19.91           310
20.20           333
20.49           302
20.78           285
21.08           271
21.37           263
21.66           233
21.95           245
22.25           237
22.54           208
22.83           207
23.12           194
23.42           194
23.71           185
24.00           136
24.29           136
24.59           160
